150
150

1.0 0.9738320732326784 0.8395935044919293 0.7403290624817226 0.9764873907311876 0.9582559334295072 0.9395333146567054 0.8272826695735745 0.832448808690769 0.9655540337064993 0.8103761199884711 0.955431716929918 0.8372013759898846 0.9681644264695328 0.9929412007462751 0.8544479769699134 0.9958258288604853 0.7892078519511331 0.9952831221412978 0.9880162417317279 0.9325593746945822 0.9940206251781493 0.7493759602272607 0.9864924203447326 0.9953391324159334 0.9089717796073099 0.9990857280263278 0.989284941881172 0.996916002084725 0.9577645690944474 0.9741239529288044 0.9802856504701312 0.9928667273041202 0.9622848175161824 0.7700320107504608 0.8240224627369351 0.9979573816690542 0.9509793866021553 0.9908301680442992 0.8071840366457121 0.8618584726170451 0.9974657178040102 0.9469593220825309 0.82613747343545 0.9600837075389873 0.7839077815446026 0.7795587975743387 0.8092414478604981 0.9565948199434493 0.9379316842138353 0.9938255368901618 0.7854608429132096 0.7296151575053356 0.993205383332576 0.9548711797627556 0.9982052976339981 0.9956374110533812 0.8042769575550752 0.8022652462774045 0.9381820442856076 0.9719842195435249 0.9949904611038944 0.9580904401588424 0.7680268286910361 0.8372013759898846 0.9717251781791313 0.9947610302273506 0.7759180074234674 0.9850319677352016 0.8054681002380774 0.9541816425996636 0.9733620608231699 0.9939683828343889 0.9460816952780066 0.9957425126571501 0.8011255875489695 0.9782364084320959 0.7508336146482987 0.9925754259590746 0.9941437148805949 0.8288103749477164 0.8372013759898846 0.9979007140012373 0.8295374292488402 0.9692043359211538 0.8216712345422057 0.9892847716648042 0.9858158086794204 0.9768621370942965 0.9548671674946092 0.9947956272286096 0.9740401959137482 0.7909777473593448 0.9548711797627556 0.7778503286698855 0.9860144976789197 0.7822537338318089 0.965508102623818 0.8443930892084534 0.8020638980606842 0.98759530064824 0.9748823930968561 0.9669818861192548 0.9735776638130186 0.8114684402334428 0.9750533621670122 0.9958676729603817 0.9404908670419228 0.9949548760050287 0.7896414895858569 0.9981765652343972 0.9870720395333639 0.7926769611697747 0.9804791156481593 0.9989369603282974 0.9991868171006973 0.9890380413110021 0.9944494228786729 0.9616214460217416 0.9876219192453518 0.8083208838295208 0.9733266677458724 0.790425922997163 0.9454495687694497 0.8416032442000557 0.990908663429187 0.9726700339864323 0.7657085756864926 0.7729616487382862 0.9913761801538521 0.9521273014559768 0.9998742934382232 0.8051068715629209 0.8076856730715538 0.7862841440234469 0.9485833467354697 0.9968314450495095 0.9948879617200438 0.9602500034028842 0.9931026103071305 0.9998551039621463 0.7925334819129263 0.9806146289730887 0.7064771455260845 0.9668287849120787 0.9924921325878057 0.9418253341403778 0.7400378730446425 0.9712219866724265 0.9760118250518651 
0.9738320732326784 1.0 0.7121123591043058 0.5887100693801911 0.9999068697345285 0.9980147749390649 0.9912839947647005 0.6988357790800803 0.7035811459929153 0.9966310786630134 0.6731757534016276 0.9970245550725907 0.7079635941937547 0.9996831739456319 0.9907473983153767 0.7342411709049815 0.9783949557729691 0.6447830148317745 0.983432211318225 0.9965552773970147 0.979972861141579 0.9879225107280686 0.6014736986796065 0.9951660487570992 0.9864308501372139 0.9783313730298105 0.9826491640144178 0.9927021461946153 0.9828496375024806 0.9956725659386308 0.9970129479316245 0.9410781387505164 0.9924540206492666 0.9981886981295666 0.6212548211294858 0.6880673996072626 0.9862115180039279 0.9956124916382582 0.9835695828534685 0.6677227491052318 0.7612393577367136 0.9719880012073495 0.9913642519615786 0.6926666929806607 0.9979589603786203 0.6413900522278911 0.6304517875531984 0.6725493527276285 0.9975966589916097 0.9914399672354195 0.9796892752896087 0.6388359355239267 0.5702653753790019 0.9929947664627081 0.993818034536949 0.9838175809754873 0.9797122297502479 0.665290365242882 0.6621174198148232 0.9902085929088457 0.9924823909077465 0.9808741496493478 0.9913969986084403 0.6217666280408524 0.7079635941937547 0.9965470628478086 0.9918581547616644 0.6270747392308981 0.9965736036620401 0.6589800330352342 0.9939343232371808 0.9941203985330561 0.9750112977598712 0.9928146751539152 0.9869040054372294 0.6588661449538735 0.9957818594742498 0.5905532720685388 0.9927389065462907 0.9899712725657432 0.6926644929953808 0.7079635941937547 0.9803824003989994 0.7033751627431418 0.9960961932528782 0.6937002855241644 0.9929369465278162 0.9974837044357835 0.9986139979479093 0.9971487777387668 0.9883081822263297 0.9998016856698396 0.6555444190708203 0.993818034536949 0.6314723529380318 0.9916588429099308 0.6311596677276116 0.993760078843008 0.7077393009637941 0.6655273135933627 0.996890762845226 0.9934643958687153 0.9993434599253268 0.9966608655440388 0.6690359485140989 0.9948501089723552 0.9904433605026038 0.9912860891792274 0.9761504307089529 0.6469294880822947 0.9789302495200468 0.9976668355617555 0.6504066312565376 0.9993001436685292 0.9825062643855185 0.9821954580060298 0.9938777707106788 0.9867756490116754 0.9955059543085959 0.9940842980783785 0.6709506050312191 0.9997117341737934 0.6545776642118488 0.9924212584707285 0.7123499804489004 0.9621329648507289 0.9947678470823677 0.6131537462935851 0.6222452496261416 0.9547462818404544 0.9874010962143988 0.971310496529823 0.6681629274655625 0.67778058002907 0.6450857068253998 0.9846267043358242 0.9886070275356188 0.9859118422378441 0.9981178896628179 0.9757663774975645 0.9746916440193097 0.651093099923374 0.9976857422587753 0.5430220151396852 0.9980889404660169 0.9907423232358572 0.9919878911061581 0.5817175515517155 0.9982968153956955 0.9997658467783158 
0.8395935044919293 0.7121123591043058 1.0 0.9866647590431202 0.7180245935229692 0.6667310655861408 0.6140577283346939 0.9995750261691926 0.9999050467929489 0.7178617153270477 0.9984929609797354 0.6560116817766037 0.9999455811505142 0.6942432151646385 0.7693398106630351 0.9992830267717158 0.8418753562122437 0.9955006165831385 0.827577430102613 0.7678392174035417 0.5870274645133653 0.8122729065600601 0.9888553145785418 0.740404863088783 0.8176272272038583 0.5514214570366266 0.8195057555907402 0.790048094536791 0.828799464025276 0.6538053370625455 0.6976214249388091 0.9038604072419533 0.770239149324589 0.6712929836148764 0.9923302232649323 0.9988739604065847 0.8111106473209538 0.643588100288481 0.7635038198348675 0.9978738942770693 0.9883145939655811 0.8562435265834061 0.6246982742474573 0.9994906458437596 0.666835644524629 0.9953694016215101 0.9928834672590113 0.9984917082479249 0.6745943516701856 0.6144060675020842 0.8377718322803145 0.9944140123976929 0.9821861324739868 0.7738927093466054 0.6442210901969091 0.8226771629510096 0.8383612601768103 0.9978527274627507 0.9974954957430613 0.6089066530897064 0.6883975890333311 0.8350402533650116 0.6493869909360012 0.9926154345780265 0.9999455811505142 0.6898393864227461 0.7906907025830465 0.992835691479755 0.7655852909318567 0.9934129702724586 0.6430062286088842 0.6929579795210611 0.849788617766423 0.6264755097360707 0.8156566179635252 0.9967852733983419 0.7568124947428451 0.9828148521588606 0.791135759524398 0.8039948347273295 0.9984355672076188 0.9999455811505142 0.8351023604572904 0.9993201552535591 0.6821191924571849 0.9989235357701595 0.7514998538828414 0.7422675368157307 0.7097017633576748 0.6713134489983283 0.8107125849050163 0.7187009223336149 0.9959705556553102 0.6442210901969091 0.9939269158711395 0.7898159264095473 0.9913786779953104 0.6699761820769987 0.9941354978609848 0.9978298123290317 0.7496731810870986 0.6975840496723543 0.6873660025138336 0.6954863846750464 0.9962966407966907 0.6985675199820343 0.793453962528943 0.6148849317206443 0.8474204288550024 0.9959963868284842 0.8387541805486503 0.754754348489369 0.9963582936175629 0.737692754046884 0.8237502645945339 0.8206895399431545 0.78439633472161 0.7784217911506484 0.6618729167996222 0.7819073719095814 0.9983540570287752 0.7045054870259655 0.9959597566822366 0.6244582281633929 0.9997850650016984 0.8755541977816803 0.7479107996292437 0.9901539496099198 0.991666793383139 0.8886846434777845 0.6333816689866146 0.8410521580449388 0.9981445965463436 0.9974459550437499 0.995780733175024 0.6245045514757169 0.7969824991549758 0.8195112085378207 0.668231305630959 0.8474082586834304 0.8327899319215563 0.9965027913694552 0.7204702125124963 0.9757671045066574 0.7124228996198584 0.7668866066349254 0.6187695114178995 0.9842149661940538 0.6917959733393069 0.7240786761861896 
0.7403290624817226 0.5887100693801911 0.9866647590431202 1.0 0.595399111064078 0.5370113275668601 0.47763878334781823 0.9895371508546348 0.9886138749537271 0.5971643309184952 0.9937956450823765 0.5247415990926302 0.9874484661202584 0.5682301424161065 0.6554183785353852 0.9809837353613692 0.7430893117347971 0.9967161882309973 0.7254858636648492 0.6536190134134255 0.4477564836821042 0.7068505891422594 0.9997629383942469 0.6212634455535171 0.7132354676699089 0.40882468648612824 0.7154059991690856 0.6804157663276976 0.72678282596521 0.52194114323385 0.571739042992027 0.82384955793486 0.6562935500655827 0.5418602616540142 0.9985449873161295 0.9904827578847428 0.7051114923586409 0.5107216577968923 0.6496323259312657 0.9941790732931055 0.9635331951290401 0.7607877467588073 0.4892696516183766 0.9903545021568155 0.5368823759855249 0.9977303676695204 0.996721758581803 0.9940325654985068 0.5466841191594122 0.47826379428560983 0.7383186043518435 0.996681180458878 0.9984390046552697 0.6605396163847523 0.51114180650287 0.7191736344057209 0.7387609477741262 0.9948658878862976 0.9951145602502476 0.4718152265656835 0.5615898123090417 0.7347474177594371 0.5171445148744308 0.9991086557532429 0.9874484661202584 0.5628502156728112 0.6805052245823072 0.9975970032790247 0.651352201579422 0.9901692911150186 0.5097759567897676 0.5666357663844542 0.7532125725591393 0.49133844507130947 0.7107681509047814 0.9948271902344997 0.6419476491670578 0.9936819492451993 0.68124025178374 0.6967025280226091 0.9887144498694478 0.9874484661202584 0.7344667779496636 0.9883561011108424 0.5540507662403674 0.9901879735587782 0.6343798840643139 0.6232994443090746 0.5855705971383265 0.5430694923269885 0.7048306686188516 0.596568085073701 0.9957080670354267 0.51114180650287 0.9980858302895227 0.6807326056207004 0.9944549590528178 0.540370941772339 0.9795162368768249 0.9951250754307452 0.6319568873599697 0.5720204634525815 0.5602323797112555 0.5693118447303865 0.9915251092907349 0.5730003147773719 0.6838184840660271 0.4784892681061271 0.7501061267976753 0.9969834430294691 0.7389635512972549 0.6380008935130833 0.9965571693132215 0.6183780979827224 0.7205104987682802 0.7168599390671501 0.6735617776354589 0.6665285930893108 0.5310402593442966 0.6707678452119705 0.9941951342009115 0.5797386237278481 0.9958921365387036 0.4890690868485903 0.9860926233981915 0.7859755873866668 0.6322411995943592 0.9975551866840496 0.9972143148524629 0.8024838227035835 0.4993813140545026 0.7423963953672085 0.9947444519185769 0.992366241456702 0.9974303200567983 0.4896312320812409 0.6881170430599205 0.7156118181116498 0.5385049377110599 0.7504026772326846 0.7321245152426399 0.9966660945329476 0.5980012598615818 0.9974100248679288 0.5903130091162403 0.6525551356925294 0.4828493726233109 0.997973226550891 0.5650430565429805 0.6027096935914954 
0.9764873907311876 0.9999068697345285 0.7180245935229692 0.595399111064078 1.0 0.997317395445165 0.9902431082685993 0.7046183389985513 0.709495515453125 0.9957712346312696 0.6795179919298365 0.9963353088330886 0.714003479577804 0.9993610214489222 0.9925040011364196 0.739739936121538 0.9800650170021926 0.6514974327398573 0.9848677844786442 0.9972022322066907 0.9798319565271608 0.989115669793887 0.6079216244563392 0.9963880993166401 0.9878034809475097 0.9763968916473458 0.9847870931176373 0.9933745832822491 0.984505437963953 0.9954377023398474 0.9975721138586929 0.9431889558003665 0.9940147461695671 0.9978422745365585 0.6281022902877782 0.694538307888031 0.9880580355971995 0.9948208098360954 0.985913047326465 0.6742394856068334 0.7652094434583228 0.9741531152445821 0.990943538510735 0.6989208601216856 0.9974781835252577 0.6478202485838637 0.6374999290217529 0.678820358680799 0.9965692520597796 0.9901889061160122 0.981091393303589 0.6457188824124958 0.5776080263260674 0.9944599580182628 0.993642236283482 0.9856670258631376 0.9813104801815814 0.6717059546318056 0.6686164506183889 0.9892309516062711 0.9934423210726906 0.9823578830545432 0.9917178445720739 0.6283233968224591 0.714003479577804 0.9970466832081871 0.9932383377339237 0.6340290395441444 0.9969208904260709 0.6662519284427697 0.9936939377990198 0.994978440308099 0.9766173709138918 0.9921095830745849 0.988321801119094 0.6655660819529338 0.9956101941450899 0.5983756157498227 0.9937676275747452 0.9911646259657383 0.6992548230125937 0.714003479577804 0.9822527764073398 0.708982772967174 0.9965191496323643 0.6993444177883801 0.9944536136667619 0.9983580993013512 0.9990646112607746 0.9960371934140867 0.9895892415623702 0.9996040423036571 0.6614022929166714 0.993642236283482 0.638197625947657 0.9920565532249761 0.6384872012297926 0.994252997426564 0.71477187356519 0.6716617404664017 0.9978644119072545 0.9944601211560758 0.9990711274360267 0.99723869498392 0.6759601531908016 0.9957081255906215 0.9920290398891701 0.9903382363318115 0.9778135767549984 0.6534734310199202 0.9808927447085409 0.9983891362605691 0.6569568518415464 0.9994764097104892 0.9845453066827758 0.984362946005324 0.9945335133038334 0.9888926307053998 0.9955564002714499 0.9946104198846109 0.6772735734725546 0.9997588998379259 0.6604658947771898 0.9917261977677626 0.7184785557098663 0.9640617859440991 0.9942454487810211 0.6203376376081108 0.6293529578452426 0.957156899815343 0.9877763704741618 0.9741649821858506 0.6743878888120277 0.6833816566894659 0.6514227055422367 0.9850591285561578 0.9904055346851964 0.9872401602310846 0.9976095922085008 0.977251010148798 0.9773990112320405 0.6575561584409931 0.9984232167966232 0.5504714220924104 0.997357740638607 0.992502158208437 0.9910398691046064 0.5891117184854395 0.998522477521028 0.9996810246843285 
0.9582559334295072 0.9980147749390649 0.6667310655861408 0.5370113275668601 0.997317395445165 1.0 0.9974056347458867 0.6528257633918908 0.6577278642556064 0.9944672063489786 0.6254650902057014 0.9998240452682716 0.6622742581236329 0.9992818356848793 0.9824157548236505 0.6904178958637938 0.9635046442511297 0.5954916378176035 0.9701379736963217 0.9893657844214975 0.987103466985094 0.9762807876386993 0.5504627113435991 0.9897780788829625 0.9741562336407713 0.9893977015374282 0.9695305348893413 0.9834680312015466 0.9692852593433933 0.99829213784935 0.9956349644606224 0.9187605546238209 0.9842671825283785 0.9995918548375002 0.5708196041557908 0.6410802436689901 0.974160087684933 0.9994108336049093 0.974944712883065 0.619647691707543 0.7207813184817309 0.9552561134034541 0.9962340815596742 0.6460226717585139 0.999797053687206 0.5920968745581706 0.5803616492297314 0.6248482151604898 0.9991230664758521 0.9976733696680414 0.9653740364593192 0.5891943501224621 0.5174890687215917 0.9845998086557674 0.997078904059462 0.9706860555222037 0.9652275069129053 0.6171438941199558 0.6137699907954353 0.9966507868377131 0.9913525231956634 0.9667972535531606 0.993789872255158 0.5715186418290179 0.6622742581236329 0.995815338572949 0.9820816292952665 0.5768578159519052 0.9897565130674822 0.610306510711425 0.9973412605478323 0.9927739037039628 0.9593254069503829 0.9977986423473608 0.9747885096851975 0.6102687112887105 0.9899609368569233 0.5385633238297675 0.9831952561836267 0.9791199442583829 0.6458962191813545 0.6622742581236329 0.9660310476706413 0.6577499187479464 0.9960172287570483 0.647542035199364 0.9863341824309172 0.9922911049590407 0.996407729908998 0.9989704915320345 0.9767604604337962 0.9973329674126298 0.6073538470026623 0.997078904059462 0.5815562085068999 0.9825569898005098 0.5810573049883923 0.9944974289778007 0.6618907455812656 0.6175718431852915 0.990998414288846 0.9916174409452565 0.9994532084400093 0.9954257208176349 0.6209084246219851 0.9930867178146345 0.98023344950379 0.9972821484366144 0.960686008171741 0.5978246327566296 0.9641418029137658 0.9915604957801215 0.6014632990658194 0.995019402618382 0.9690950446057665 0.9689362834527627 0.9851812995531755 0.9772546557510904 0.997279297631332 0.9856836158322012 0.6231385514182536 0.9982434483173264 0.6063147755121507 0.9975415341118936 0.666864251496716 0.9434201476026248 0.9898359419532253 0.5622314641714287 0.5717569622516044 0.9342462577061563 0.990842153009489 0.9553493418097273 0.620272940495117 0.6308771271609338 0.5960244851222464 0.9886009603447302 0.9778730480388215 0.9734820711236475 0.9998681978251075 0.9603930566914755 0.9596864382370447 0.6022309816791437 0.9943691287860877 0.4891751221426164 0.9963702621980235 0.9826085959880753 0.9977063645780645 0.5293856402526215 0.9976748590050771 0.9967856445059098 
0.9395333146567054 0.9912839947647005 0.6140577283346939 0.47763878334781823 0.9902431082685993 0.9974056347458867 1.0 0.5988644388711217 0.6043829006349776 0.9851661257922989 0.5707321832195557 0.9984785774581384 0.609538733353576 0.9942357904137754 0.9717842459604275 0.6387558441082319 0.9428207565196779 0.5396105476142499 0.9511220019923521 0.977077446925684 0.9939663348079152 0.9589953359579769 0.49134930938613036 0.9819315572171741 0.9564686927119281 0.9967540275026777 0.9529004789515441 0.9682042790093625 0.9505309638152596 0.9980530380658161 0.9917938527998772 0.8884001210519851 0.9732556604061907 0.9971834055803883 0.5137067357465528 0.5877688030551705 0.9582382647998455 0.9992587729760984 0.9656697662344658 0.5649140293141401 0.6694573966399691 0.9333274106510216 0.9988230418100829 0.5925555744209764 0.9976360345297288 0.5353670155170569 0.5243399307335194 0.569916768426065 0.9948460950914544 0.9998004095883756 0.944739197529466 0.5333174747454426 0.45853764037712696 0.972986007819928 0.997986081778374 0.9531618862246098 0.944930441181065 0.5620063139920881 0.5585939613001162 0.9999204160454687 0.9891087796700138 0.9467620068737257 0.9949029826297229 0.5138073223607659 0.609538733353576 0.9927651231389281 0.9681436742184886 0.5203744881233265 0.9771220182415062 0.5569851344485183 0.9982721080854137 0.9898921353085686 0.9372672459771351 0.9996953763444152 0.9574742303614804 0.5553355022526733 0.9772565180613363 0.4821683360784837 0.9685426140281962 0.9630130826014351 0.5932574499325302 0.609538733353576 0.946752973818375 0.6038217133024181 0.9937159366606135 0.5929584734419354 0.9775631662396811 0.9836801594151344 0.9909914874793385 0.9948837895492539 0.9598799203001512 0.9895624786182393 0.5505006627748446 0.997986081778374 0.5248173331924141 0.9666659795005323 0.5258580748074346 0.9936393971612705 0.6119134482966802 0.5618712069517346 0.9816398977987371 0.9884031242018391 0.9953250365834628 0.9918563357640306 0.567321375546416 0.989577244308743 0.9662708296343828 0.9999690097051191 0.9391282212261908 0.5417012218565275 0.9444914324245868 0.9811197920560393 0.5455889474277366 0.9856622600559082 0.9517283086822066 0.9521862855222301 0.9706692199723733 0.965941343394711 0.9966330770309915 0.9712230967751229 0.5682031855303972 0.9927122173268327 0.5494481415062026 0.9996742927564789 0.6146864699656984 0.9178422716325654 0.9774094375900911 0.5054318325513361 0.5153465477993442 0.9074684811377783 0.9937050668356804 0.9366593288185866 0.5649345926488504 0.5751015448293724 0.5393482918395119 0.9924454823977636 0.9637733851202152 0.9554299463697019 0.9974919373804483 0.9384344028625171 0.9419739925688815 0.5462129409424078 0.9881570769514467 0.4290352893572817 0.9881199238085214 0.9722836160642274 0.9999740654423162 0.47121625331404116 0.993956277178431 0.988588883674134 
0.8272826695735745 0.6988357790800803 0.9995750261691926 0.9895371508546348 0.7046183389985513 0.6528257633918908 0.5988644388711217 1.0 0.9998533979658012 0.7066095436078205 0.9988362335378266 0.6416622975853294 0.9994341390964848 0.6806794326923401 0.7550830098342236 0.9987097069187104 0.8315433167064283 0.996196944902317 0.8168869887888444 0.7556021456878046 0.5692498707440213 0.8012210600773092 0.9917621832253044 0.7258082372234363 0.8064981550843379 0.5359436775466359 0.8070107841288898 0.7789060024607953 0.8177232766202766 0.6384589494828534 0.6824626375120009 0.8969924943084703 0.756359542994526 0.6568385271985379 0.9936594641837126 0.9982951563741039 0.798703142436072 0.6289723453670041 0.7480712683238637 0.9980652448114579 0.9892817483089732 0.8457834835589744 0.6086581270050947 0.9991911875933766 0.6524795475029671 0.9968127283023311 0.9934009899687343 0.999013558359688 0.661751113523349 0.5996654098173337 0.8277678665864829 0.9949726076135306 0.9843058523503933 0.7603514574014979 0.6284115551767174 0.8108791352324339 0.8279675601257658 0.9983658872742466 0.9979586377325222 0.5934013762495833 0.6721889845351946 0.8246906172130919 0.6328630700088594 0.9945488275225723 0.9994341390964848 0.6744852361933669 0.7781184988540444 0.993700709551656 0.7538818041965866 0.9922033168309874 0.6272746158942574 0.6770918936983447 0.8400912317906539 0.6110497110011849 0.8043242527637019 0.9969380703963152 0.7458558539773853 0.9830396988220301 0.7792866621257828 0.7924869298206492 0.9973791875790144 0.9994341390964848 0.8239601234338856 0.9999004976627096 0.6666079135825881 0.9998424599755981 0.7368679733946764 0.7283839480323203 0.6952318176944492 0.6585239847200223 0.7993890577923412 0.7059437961535127 0.9980163743754267 0.6284115551767174 0.9951271441039454 0.779291109492791 0.9912077255653015 0.6538878001940535 0.9912801746416326 0.9989257237214738 0.7359318781870965 0.6816596437804908 0.6734097885451127 0.6802100514607344 0.9954984764148787 0.682915410069138 0.7806321716895545 0.5995312423743624 0.8374472775271583 0.996978773097599 0.8276427667224331 0.741733007634672 0.9971876184033207 0.7250025421184586 0.8116573261313923 0.8082044377000563 0.7729884380700566 0.7639802560246063 0.6462855083548625 0.7706548258561525 0.9988315978897176 0.6906108322294383 0.9979842170555538 0.60894015931718 0.9988826642639373 0.8668838675755842 0.7373496810147406 0.9910390860742627 0.9923723824842227 0.8799037919627187 0.6162180167097643 0.8284973224444263 0.9989449407312845 0.9991037985907636 0.9972736743042201 0.6069540762634716 0.7839481406115317 0.8085818732783079 0.6539876236338625 0.8378291414970911 0.820031487376334 0.997491987468038 0.7059088022948513 0.9785988714980862 0.7005944047363297 0.7525153564589133 0.6035555220463422 0.9858021631039484 0.6770286241501455 0.7113210624737599 
0.832448808690769 0.7035811459929153 0.9999050467929489 0.9886138749537271 0.709495515453125 0.6577278642556064 0.6043829006349776 0.9998533979658012 1.0 0.7100001216313785 0.99898048989131 0.6468143572654088 0.9998635603266064 0.685510057090406 0.7609889919739032 0.9989318386722844 0.8352891373140229 0.9963388510859116 0.8207419352702594 0.760021949201493 0.5765121175145199 0.8051856226641919 0.9907096523781149 0.7317178814591002 0.8105669804809295 0.541363662936761 0.8120891045585731 0.7827401806359375 0.8218634035737984 0.644310659569054 0.6884636587465722 0.8990656972585395 0.7619900546477258 0.6621561399118133 0.9935552254602265 0.998951366565395 0.8036301768603026 0.6342417993262671 0.7548329971867692 0.9983634153980451 0.9880928310910112 0.8497758653412892 0.614843304183825 0.9996117812395987 0.6577001800803726 0.9964597699632554 0.993785579037232 0.9990379822418542 0.6659623148539393 0.6048661459845504 0.8312430976747104 0.9952599371873011 0.9840552780364883 0.7657632455957016 0.634542363153834 0.8154772073151147 0.8317208573758011 0.9984602077745108 0.9981155206182072 0.5991149698777025 0.6789095607178309 0.8283797254777696 0.6395540776794686 0.9940164506123831 0.9998635603266064 0.680575934824512 0.7829715330008232 0.9938720479683597 0.7579107346280247 0.9935396841255408 0.6333413357039245 0.6835866096649762 0.8434751424079416 0.616800780478584 0.8085185167270899 0.9973391220735507 0.7493076663648126 0.9839368755337904 0.7836254409312456 0.7966977621678828 0.9983255082339266 0.9998635603266064 0.8282121576363689 0.9996002596935917 0.672761651307107 0.9993919588365611 0.7428977623120764 0.7337824606288353 0.7008139998325168 0.6626795261977438 0.8035307683991515 0.7103695854624915 0.9971106421131216 0.634542363153834 0.9950286184141359 0.782699023593669 0.9920601884576169 0.6603881981414431 0.9933225417661053 0.9986074797568675 0.7412854767986962 0.6882325941815081 0.6784736903367746 0.6862827902512539 0.9964702555391161 0.6892902997442655 0.785692688775907 0.6051681363158035 0.8409987269159234 0.9969025266384053 0.831911218765405 0.7466066457435732 0.997188932587343 0.7295133359756335 0.8164824754360923 0.8132880067585643 0.7769607746868693 0.7701144357765624 0.6523625503582817 0.7744991807385837 0.9989012780456821 0.6957429258607097 0.9971025111975966 0.6147463327673094 0.999545067607197 0.8698384500090774 0.7404728857013326 0.9913088081662808 0.9926933841793848 0.8830935139244909 0.6232894218741142 0.8338686387955658 0.9988121395106461 0.9982725486805822 0.9968538990809128 0.6142642247307339 0.7891991696406792 0.8125276121023127 0.6591370013483703 0.8411067565056712 0.8254589913724408 0.9973753033963687 0.7116363060337041 0.9780594946456446 0.7043404919491381 0.7584854884896253 0.6091135615304483 0.985832647731734 0.6827030016513116 0.7157836061887359 
0.9655540337064993 0.9966310786630134 0.7178617153270477 0.5971643309184952 0.9957712346312696 0.9944672063489786 0.9851661257922989 0.7066095436078205 0.7100001216313785 1.0 0.6786649480421084 0.9923288292039807 0.7130737937791355 0.9961381839510147 0.9802821136407175 0.741254317306273 0.9774937038299419 0.6494300973591581 0.9823483767818375 0.9939003641437055 0.9649836766482361 0.9866514788939974 0.6109604507291831 0.9852594702299292 0.9844981763461064 0.9732540609974675 0.9754034354688861 0.99258562266731 0.9802698087438326 0.9873877625515698 0.9873442168380737 0.9466152425327291 0.9834385832751273 0.9924517894501259 0.6264638975266942 0.6914032458772374 0.979979581962369 0.9904592500254572 0.968586924393315 0.6722611034696542 0.7764928695555348 0.9694050869881993 0.9816769427466225 0.6973443852690834 0.9927783440935756 0.6484635091231324 0.6334428440936846 0.6786318211103267 0.9974517965890974 0.9869473464734677 0.9802754776969483 0.642567037673668 0.5747613579525156 0.985060269937295 0.984191449410778 0.979018000870145 0.9788675822410934 0.6707949454114764 0.6672068068411477 0.9831361897816109 0.9791281590401304 0.9804449278178534 0.9787494787481184 0.6291780807403224 0.7130737937791355 0.9865224181002704 0.9864924249467489 0.6310505963184141 0.9959531661577647 0.6579971874073715 0.9846576827827624 0.9819046678073612 0.9757348551064207 0.9853674575689797 0.9843743344210528 0.6626140447637259 0.9982216803130823 0.5898101758150658 0.9900254228820203 0.9876303106673767 0.6946682992390277 0.7130737937791355 0.9770565740725021 0.7120826168392104 0.9858514645515504 0.7028760603839878 0.982177315590956 0.990237472832476 0.9909562357233959 0.9973241045818997 0.9861666185250763 0.9979619176922856 0.6658852937156998 0.984191449410778 0.6369517131096881 0.9936936693853764 0.6318021235675946 0.9818513322465257 0.704677951686378 0.6731505426245133 0.9897435736403465 0.9807576729532279 0.9946981743067481 0.9866463347048631 0.6701933749787935 0.9831857458366271 0.9839294951211439 0.9845498472358233 0.9760887011126939 0.6527531981136223 0.975419213114673 0.9929230198618224 0.6559381904889453 0.9967224383737329 0.9764871305922775 0.9748906062627662 0.9931770795026572 0.9748797170848704 0.9859410352699377 0.9940825710734623 0.67675296818396 0.9944700885926028 0.6647651529681515 0.9847101511940166 0.7164095491062402 0.9642555911106 0.9989913851228045 0.6162258243720562 0.625320079254901 0.9552333614957796 0.9729227683841623 0.9618807839682892 0.6749161061732601 0.6884224353075865 0.652611863653135 0.9689732311627098 0.9810069317724391 0.9845639895118178 0.9932857663539336 0.977093680808089 0.9652064809142648 0.6572479317980519 0.9890922585186586 0.5482296742328245 0.999767386774562 0.9799857594686062 0.9856185893708549 0.5851076455514269 0.9904280311338384 0.9976555897983209 
0.8103761199884711 0.6731757534016276 0.9984929609797354 0.9937956450823765 0.6795179919298365 0.6254650902057014 0.5707321832195557 0.9988362335378266 0.99898048989131 0.6786649480421084 1.0 0.6143749091035895 0.9988420705828972 0.6543660446897965 0.7351821000786912 0.9958364101538334 0.811501896170549 0.9991825275828201 0.7960401477602671 0.7321641458037398 0.5442084577945321 0.7795598024591675 0.9949734085782888 0.7042303569809726 0.7854102294016941 0.505523671844384 0.7883550399494028 0.7555860646744931 0.7975627601025232 0.6126021352299896 0.6589073674492171 0.879044246268956 0.7358153945299416 0.6305393736936051 0.9976185747916542 0.9994993300221944 0.7790887238331005 0.6014331359346315 0.7301538095321433 0.9998949165933064 0.9811056257856724 0.8273788483022125 0.5824010868208712 0.9996201738097539 0.6257841778520729 0.9990075296004839 0.9977560049776806 0.9999737501664009 0.6333700847071816 0.570884136283071 0.8068835940217609 0.9986185965452178 0.991016624344599 0.7394930507493792 0.6028020839065348 0.791303669437196 0.8076828254554657 0.9999431404191581 0.9998678692025686 0.5655005195824426 0.6499915416582618 0.8040348456781661 0.6088220393617131 0.9976036890896508 0.9988420705828972 0.6507764615460088 0.7569874286556637 0.997848182362522 0.7295296494132955 0.9965664676062927 0.6014671428936141 0.6545325732335406 0.8199155144815755 0.5838820813200986 0.7833681710923144 0.999542167935231 0.7199514310468496 0.9907387140150374 0.7570558915315251 0.7707968566861035 0.9988415309271528 0.9988420705828972 0.8045015310808159 0.998093141061595 0.6426926403500866 0.9983775408392239 0.7162207072179457 0.7056806644577207 0.6712776760860985 0.629903053959934 0.7779918184244498 0.6799527057723351 0.9981189384868194 0.6028020839065348 0.998465437745872 0.7551539985382838 0.9964062044071033 0.6302706428147966 0.9937510181374666 0.9996352110766532 0.7135298591878944 0.6595273734523414 0.647273179482255 0.6567253164884429 0.9985501711085264 0.6603256958136162 0.7601584229569771 0.5716823111413817 0.8174250431989118 0.999389515345294 0.8084926455242022 0.7185300258929213 0.9995342824664182 0.7001259288235148 0.7926918904675363 0.7896473561573697 0.7496025192741498 0.7452576320509653 0.6212888572701002 0.7468722899798357 0.9999893819780313 0.6654055051804276 0.9982028312255824 0.5818173014613192 0.9984588792577389 0.8479436539479139 0.7104144133606828 0.9962270815508067 0.9971075697962379 0.8625858258392357 0.5924757969176824 0.8122579697855515 0.9998688005295193 0.9978879434324741 0.9990940534797377 0.5834735086600202 0.764162421360217 0.7873660050719652 0.627200854693127 0.8172686269784126 0.8032799323305396 0.9995547446620133 0.682831389110244 0.9862982041777287 0.6730223265738161 0.7326301662559522 0.5756804167576549 0.992394522409684 0.652433697678214 0.6856643258779551 
0.955431716929918 0.9970245550725907 0.6560116817766037 0.5247415990926302 0.9963353088330886 0.9998240452682716 0.9984785774581384 0.6416622975853294 0.6468143572654088 0.9923288292039807 0.6143749091035895 1.0 0.6516049240230845 0.9986332634580788 0.9813620014645665 0.6797704133708182 0.9595875191114197 0.584262436957162 0.9665597801479969 0.9872357268760882 0.9898588097738077 0.9730540450047852 0.53814258335745 0.9892066351440374 0.9709161822886926 0.9912874784826377 0.9670092371935325 0.9805187923245504 0.9659024843097342 0.9990291259846971 0.9958121031209769 0.9123559073421629 0.9829996622573572 0.9996639073963759 0.5592990939018265 0.6304723249671081 0.9716769074144859 0.9998610780722883 0.9745902824762239 0.6086496303937763 0.7093997759742875 0.95126228177736 0.9976519345059748 0.6352546197921054 0.9998628637444784 0.5804690537610878 0.5692661454113805 0.6136622958546616 0.9982931605043907 0.9984987551701822 0.9613221697125354 0.578054857835332 0.5056844800213999 0.9831114784433438 0.9981668147068168 0.9677553941672661 0.9613793933781332 0.60597441632125 0.6026334097842646 0.9979463598872328 0.9921946990523245 0.9629592947361972 0.9952102973129208 0.5596693691701399 0.6516049240230845 0.9961793539832668 0.9798965893667219 0.5655779995552104 0.9873625822956458 0.600115830958094 0.9983998121015136 0.993382782117209 0.9549861077587785 0.998865992229742 0.9716782219372088 0.5993089945358309 0.9872569477409764 0.5277586223130497 0.9806154509805641 0.976223923206028 0.6355469060485 0.6516049240230845 0.9626197149551156 0.6465022487891805 0.9965468695020395 0.6361229095191454 0.9856673511662373 0.9913144999072059 0.9960864712097657 0.9981462183095084 0.9736960919560789 0.9959942371641184 0.5953853026746125 0.9981668147068168 0.5700813502506588 0.9792784152492929 0.5703478737942465 0.9954664491859749 0.6525448021891158 0.6060885425122227 0.9898681967805658 0.9922098519707973 0.9990881196562442 0.9956887318544406 0.6104589229121201 0.993521210609955 0.9781549642889356 0.9984328443738748 0.9565191976036179 0.5864346643636469 0.9606767242768254 0.9899888344278434 0.5901495597166726 0.9934465233821619 0.9663129403510844 0.9663976173953727 0.9824334704432643 0.9762082869185819 0.9980619241643487 0.9828779719062742 0.6119790570750634 0.9976658422070412 0.5943585256139746 0.998679940160917 0.6564041110241421 0.9382674080947425 0.9870126360099322 0.5509785830221834 0.560578618103524 0.9290210148349882 0.9927772139659433 0.9526430786162688 0.608943710632833 0.6190865746562945 0.5843630534412666 0.9908390869265087 0.9758734755693133 0.9701151090465924 0.9998587606522725 0.9560143976117438 0.9571738172597093 0.5908291377260787 0.9939852610336464 0.47707314727454514 0.9945981313648438 0.9816421288017054 0.9987407279854117 0.5178386721450994 0.9977011258948318 0.9953910065506584 
0.8372013759898846 0.7079635941937547 0.9999455811505142 0.9874484661202584 0.714003479577804 0.6622742581236329 0.609538733353576 0.9994341390964848 0.9998635603266064 0.7130737937791355 0.9988420705828972 0.6516049240230845 1.0 0.6899797763293953 0.7664751574078703 0.9988685608659827 0.8386707051990062 0.9961988985519971 0.8242328213324736 0.7640746365795542 0.5833579595636209 0.8087865802412737 0.9894189663144072 0.7372157133445223 0.8142670271965758 0.5464420046262543 0.8167626087261777 0.7862215906242673 0.8256290974195577 0.6497768890146265 0.694061662917848 0.9008159352778738 0.7672101899319895 0.6671021560343947 0.9931785854098711 0.9993068476362708 0.8081600828186101 0.639149112266464 0.7611464294651491 0.9983736517490905 0.9866712974548228 0.8533912703877324 0.6206394242038201 0.9997397747249077 0.6625538756680566 0.9958423779529753 0.993880457098337 0.9987839421341086 0.6698398957771043 0.609715328074394 0.8343647466148021 0.995260577355014 0.9835401048107474 0.7707713254523243 0.6402805583280781 0.8196864646772868 0.8351106296465745 0.998273758902788 0.9979895227310892 0.6044605140751691 0.6852043889859216 0.8317085017270859 0.6458313162961011 0.9932266487792264 1.0 0.6862626443644109 0.7874357897953143 0.9937611747584341 0.7615869254308799 0.9945528303389848 0.6390180374477491 0.6896622463759939 0.8465052937172711 0.6221775640407566 0.8123401457869786 0.997448894526635 0.7524294901763732 0.98452899398241 0.7875934034304974 0.8005386597136813 0.9989610386805191 1.0 0.8320840465567734 0.9990328554504463 0.6785113472955233 0.9986796505356677 0.7485083936677355 0.7387866197353651 0.7060045096182076 0.6665043231153366 0.807303084110195 0.7144418443435029 0.9959597969912399 0.6402805583280781 0.9946570804324735 0.7857692193903679 0.9926069133525527 0.6664757625091864 0.9950168407215039 0.9980229806268126 0.746244221609475 0.6943824142655902 0.6831704122178052 0.6919505878055183 0.9971308618076039 0.6952487527108154 0.7903563524583963 0.6104380047733363 0.8441911944085844 0.9965519611817498 0.835797918453888 0.7511008842977747 0.9969131118782214 0.7336622810072804 0.8209105194824131 0.8179662412466941 0.7805770748571754 0.7758182124076735 0.6580439247144395 0.777992698327225 0.9986909355722866 0.7005006352010276 0.9959748470963171 0.6201768471221156 0.9999063583663262 0.8724470941188796 0.7432801498932744 0.9912935599367899 0.9927272216950698 0.8859253187430352 0.629938157148988 0.8388187502204304 0.9984064839011624 0.997193235341126 0.996171937946017 0.6211457883571939 0.7940456497271765 0.8161083698962778 0.6639215566706059 0.844035020380449 0.830465644947654 0.9969855955816506 0.7169640033349854 0.9772673737793345 0.7077587036864761 0.7640342362766843 0.614306261174235 0.9855881239101778 0.6879874866767108 0.7198898184012644 
0.9681644264695328 0.9996831739456319 0.6942432151646385 0.5682301424161065 0.9993610214489222 0.9992818356848793 0.9942357904137754 0.6806794326923401 0.685510057090406 0.9961381839510147 0.6543660446897965 0.9986332634580788 0.6899797763293953 1.0 0.9880069739958943 0.7169827435916435 0.9728892202016654 0.6253444254633029 0.9785673454354303 0.9941524487064384 0.9834581167749556 0.9837208424933657 0.5812573368864323 0.9935917859393915 0.981986542459499 0.9832318751131057 0.9779485579077003 0.9894440534834624 0.9778998633025221 0.9972641301744568 0.9970335478817313 0.9324984577527327 0.9897497496906438 0.9992575328570136 0.6013419123451258 0.669585321662026 0.9819220626920568 0.997625610569404 0.9807786617685403 0.6487801489971592 0.7452066384376463 0.9657716267366676 0.9938721233350611 0.6743026709524245 0.9991924513997295 0.62191205300406 0.6107143162940375 0.6537340645470635 0.9986284807610093 0.9944114021785124 0.9743903766967763 0.619269362923255 0.5494090957784585 0.9901912021399324 0.9956849375676059 0.9790747672905024 0.9743677837732145 0.646303446359889 0.643055466770853 0.9933023131741177 0.9926565300945218 0.9756863093540498 0.9929634246180719 0.6018947160757093 0.6899797763293953 0.9968304262210715 0.9884641942075939 0.6072702028514979 0.9942879211817909 0.639880070830426 0.9958541007865326 0.9941914342934766 0.9691621926419798 0.9953342375290083 0.9825324649604752 0.6397238065809148 0.9938457617472017 0.5700993292363428 0.9893973770049589 0.9861018236079109 0.6742920228265548 0.6899797763293953 0.9751294780527306 0.6853597043600008 0.996642830693798 0.6754611781806269 0.9908908200498546 0.995947411893582 0.9982743731749957 0.99829315506953 0.9841574984740594 0.9992686518087459 0.6364615461049818 0.9956849375676059 0.6117664286641763 0.9884199718985178 0.6114536896401955 0.9946565334657147 0.6898174304703428 0.6465840632250174 0.9950738916256157 0.993343291313524 0.99988067537694 0.9967435393468347 0.6501249155607576 0.9947468785006722 0.9868937552286717 0.9941973451157154 0.970402107162333 0.6275480548190723 0.9735054025581967 0.9957281238239102 0.6310955101974429 0.9980562490825975 0.9776701829498202 0.9774395693493076 0.9908433632955298 0.9835816324196333 0.9967799349969225 0.9911570985337167 0.6520947494722554 0.9996295124050804 0.6354679244667831 0.9949990175119389 0.6944652739097826 0.9550508900646038 0.9931581496917202 0.5930761650917363 0.602344387145315 0.9469741090266407 0.9894115849238477 0.9655060645663319 0.6492602420063611 0.6592153169881332 0.6256947374618564 0.9868665137967438 0.9848645172326014 0.981396515224669 0.9993111193803417 0.9700328603773641 0.9692703791830457 0.6318050567554242 0.9969176892718491 0.5217167353069516 0.997800002995248 0.9880852271669265 0.9947832078174984 0.5610601560471282 0.9985915485967843 0.9990331561990257 
